function [bus, branch, Dbus, Dbranch, OLTC, gen, avr, pss, gov, DT, fault, system]=case39
system.MVABASE = 100;  %数据转换程序自动生成
system.fhz     = 50;   %数据转换程序自动生成
system.Tmax    = 6;   %数据转换程序自动生成
system.hh      = 1/system.fhz;  %数据转换程序自动生成
% 1(busno) 2(Um)  3(angle)  4(pgen)  5(qgen)   6(pload)   7(qload)  8(qmax)
% 9(qmin)   10(Pmax)  11(Pshunt)  12(qshunt)  13(type)   14(volt)  15(area注：分区必须是数字，否则matlab程序会报错)
bus=[
           1           1           0           0           0           0           0           0           0           0           0           0           1         345          00
           2           1           0           0           0           0           0           0           0           0           0           0           1         345          00
           3           1           0           0           0        3.22       0.024           0           0           0           0           0           1         345          00
           4           1           0           0           0           5        1.84           0           0           0           0           0           1         345          00
           5           1           0           0           0           0           0           0           0           0           0           0           1         345          00
           6           1           0           0           0           0           0           0           0           0           0           0           1         345          00
           7           1           0           0           0       2.338        0.84           0           0           0           0           0           1         345          00
           8           1           0           0           0        5.22        1.76           0           0           0           0           0           1         345          00
           9           1           0           0           0           0           0           0           0           0           0           0           1         345          00
          10           1           0           0           0           0           0           0           0           0           0           0           1         345          00
          11           1           0           0           0           0           0           0           0           0           0           0           1         345          00
          12           1           0           0           0       0.075        0.88           0           0           0           0           0           1         345          00
          13           1           0           0           0           0           0           0           0           0           0           0           1         345          00
          14           1           0           0           0           0           0           0           0           0           0           0           1         345          00
          15           1           0           0           0         3.2        1.53           0           0           0           0           0           1         345          00
          16           1           0           0           0       3.294       0.323           0           0           0           0           0           1         345          00
          17           1           0           0           0           0           0           0           0           0           0           0           1         345          00
          18           1           0           0           0        1.58         0.3           0           0           0           0           0           1         345          00
          19           1           0           0           0           0           0           0           0           0           0           0           1         345          00
          20           1           0           0           0         6.8        1.03           0           0           0           0           0           1         345          00
          21           1           0           0           0        2.74        1.15           0           0           0           0           0           1         345          00
          22           1           0           0           0           0           0           0           0           0           0           0           1         345          00
          23           1           0           0           0       2.475       0.846           0           0           0           0           0           1         345          00
          24           1           0           0           0       3.086      -0.922           0           0           0           0           0           1         345          00
          25           1           0           0           0        2.24       0.472           0           0           0           0           0           1         345          00
          26           1           0           0           0        1.39        0.17           0           0           0           0           0           1         345          00
          27           1           0           0           0        2.81        0.75           0           0           0           0           0           1         345          00
          28           1           0           0           0        2.06       0.276           0           0           0           0           0           1         345          00
          29           1           0           0           0       2.835       0.269           0           0           0           0           0           1         345          00
          30       1.047           0         2.5           0           0           0        9.99           0           0           0           0           2          20          00
          31       0.982           0        5.63           0       0.092       0.046        9.99           0           0           0           0           2          20          00
          32       0.983           0         6.5           0           0           0        9.99           0           0           0           0           2          20          00
          33       0.997           0        6.32           0           0           0        9.99           0           0           0           0           2          20          00
          34       1.012           0        5.08           0           0           0        9.99           0           0           0           0           2          20          00
          35       1.049           0         6.5           0           0           0        9.99           0           0           0           0           2          20          00
          36       1.063           0         5.6           0           0           0        9.99           0           0           0           0           2          20          00
          37       1.027           0         5.4           0           0           1        9.99           0           0           0           0           2          20          00
          38       1.026           0         8.3           0           0           0        9.99           0           0           0           0           2          20          00
          39        1.03           0        9.99           0       11.04         2.5        9.99           0           0           0           0           3         345          00
];
